11,84724136.0,0.0,80385160.0,140852352.0,500782016.0,92619320.0,0.0,461573920.0,0.0,0.0,239732608.0,0.0,140009168.0,0.0,0.0,516002976.0,0.0,0.0,176611792.0,0.0,102624184.0,0.0,54429196.0,358531680.0,0.0,0.0,321242912.0,54722736.0,262766624.0,111699160.0,0.0,331004832.0,0.0,0.0,277924128.0,0.0,283467648.0,0.0,0.0,386753632.0,0.0,0.0,149206848.0,0.0,157412976.0,87227440.0,0.0,166218784.0,0.0,12525683.0,12357274.0,116592384.0,0.0,0.0,0.0,170106672.0,0.0,611019.25,74746312.0,58491704.0,0.0,2148553.75,0.0,87047368.0,0.0,9542164.0,67689304.0,0.0,20066476.0,0.0,7573718.5,43108856.0
19,0.0,0.0,239158144.0,0.0,182465824.0,0.0,0.0,357306816.0,0.0,0.0,274234880.0,0.0,353492960.0,0.0,0.0,457898976.0,0.0,0.0,1619640.75,0.0,58883136.0,38454680.0,63066088.0,177763888.0,0.0,96186920.0,114906896.0,92507136.0,106015416.0,0.0,0.0,233029296.0,0.0,135703216.0,189369904.0,0.0,168812832.0,0.0,0.0,167153264.0,0.0,7749338.5,26399384.0,4074485.0,35858912.0,10912486.0,0.0,59007616.0,0.0,0.0,26728850.0,18088572.0,100224496.0,0.0,0.0,97973968.0,0.0,17186810.0,20697012.0,3208084.0,3032526.5,0.0,4483369.5,55682472.0,0.0,4085367.25,0.0,0.0,8857186.0,0.0,29218708.0,24064634.0
12,288047424.0,0.0,89518824.0,0.0,521380960.0,0.0,0.0,431493248.0,0.0,0.0,127092368.0,0.0,561407168.0,0.0,0.0,644899072.0,32273698.0,0.0,184631744.0,0.0,332684416.0,0.0,0.0,449064384.0,193299296.0,0.0,334634112.0,124741680.0,507341824.0,0.0,0.0,513388960.0,0.0,0.0,352325696.0,0.0,680394944.0,0.0,0.0,750488576.0,0.0,0.0,212904176.0,0.0,518142816.0,0.0,0.0,515573472.0,58570528.0,0.0,426060544.0,220179424.0,423719744.0,0.0,0.0,393218720.0,0.0,0.0,220099776.0,138033888.0,672010816.0,0.0,0.0,571985664.0,0.0,0.0,319590944.0,42177948.0,258149568.0,0.0,0.0,325881632.0
38,0.0,0.0,167127600.0,0.0,165433360.0,82453360.0,0.0,387602784.0,0.0,0.0,161541808.0,0.0,84892664.0,0.0,17961944.0,206000032.0,0.0,0.0,0.0,10515096.0,0.0,61863904.0,14974714.0,40377508.0,0.0,31976924.0,128550408.0,23759622.0,127920704.0,23247924.0,0.0,142444128.0,0.0,30459360.0,75303616.0,43006760.0,35163756.0,0.0,53629324.0,125126640.0,0.0,0.0,0.0,5942545.0,9812058.0,7883042.5,0.0,18293482.0,0.0,0.0,2082206.125,14190098.0,0.0,0.0,0.0,46786528.0,0.0,10724404.0,14862888.0,0.0,8009217.0,0.0,4251922.0,60260476.0,0.0,0.0,0.0,0.0,0.0,0.0,0.0,5054782.0
81,0.0,16036017.0,58591220.0,0.0,12829006.0,0.0,22096268.0,83872704.0,0.0,0.0,0.0,9227154.0,7397853.5,335009.5,2235187.0,8586482.0,0.0,0.0,0.0,0.0,0.0,0.0,0.0,0.0,0.0,11136638.0,1352640.125,0.0,6954105.0,0.0,2063477.625,17417252.0,0.0,1485993.5,390113.4375,0.0,2326023.75,0.0,1512548.625,1016696.4375,0.0,0.0,0.0,0.0,0.0,0.0,0.0,0.0,0.0,0.0,0.0,0.0,0.0,0.0,0.0,0.0,0.0,0.0,0.0,0.0,0.0,0.0,0.0,0.0,0.0,0.0,0.0,0.0,0.0,0.0,0.0,0.0
5,562593280.0,195122112.0,659600384.0,4212150.0,659650944.0,0.0,0.0,954140928.0,0.0,0.0,127102952.0,284335552.0,410420000.0,0.0,0.0,772433088.0,252223888.0,0.0,378516832.0,247679392.0,440525984.0,0.0,0.0,806022464.0,0.0,0.0,287434528.0,0.0,269183520.0,0.0,33307740.0,589441984.0,3962530.0,0.0,598620352.0,0.0,552883392.0,147219552.0,0.0,672369536.0,252721824.0,0.0,498229248.0,0.0,652917312.0,0.0,0.0,859222656.0,7489279.0,0.0,478740960.0,308674176.0,632763904.0,0.0,0.0,693905856.0,15327956.0,0.0,268279936.0,0.0,548651072.0,6731225.5,0.0,895796736.0,123901888.0,0.0,62879224.0,0.0,249189760.0,0.0,35554332.0,794276800.0
40,255648288.0,0.0,61134192.0,0.0,634508032.0,0.0,0.0,580320576.0,500036032.0,0.0,257616352.0,194043360.0,407271936.0,0.0,0.0,889450368.0,258466736.0,0.0,381208224.0,0.0,655107904.0,0.0,0.0,595302080.0,0.0,0.0,394792832.0,0.0,598782336.0,0.0,0.0,706788096.0,106055680.0,0.0,150865232.0,363371328.0,595604800.0,0.0,0.0,855024768.0,0.0,0.0,343653824.0,238528128.0,328249312.0,18236620.0,0.0,879396416.0,330925504.0,0.0,165443312.0,127050760.0,385755072.0,0.0,0.0,634072832.0,94128640.0,0.0,240234128.0,0.0,291349536.0,0.0,0.0,777182848.0,0.0,0.0,725672960.0,179712320.0,751147008.0,0.0,0.0,496170752.0
70,222367472.0,0.0,168542736.0,454906976.0,544764288.0,0.0,0.0,650091584.0,41419372.0,0.0,38252604.0,114665472.0,519310208.0,0.0,0.0,916376256.0,0.0,0.0,265327072.0,0.0,321210720.0,0.0,0.0,911083840.0,83958376.0,0.0,47318168.0,30384164.0,620422144.0,145475392.0,0.0,923394112.0,227904848.0,0.0,0.0,0.0,376678784.0,0.0,0.0,879915968.0,85007704.0,0.0,537626944.0,0.0,492230400.0,0.0,0.0,858484864.0,238653328.0,0.0,0.0,288426336.0,491804448.0,40143952.0,0.0,593730432.0,106700536.0,0.0,179282336.0,4772007.0,515292800.0,0.0,0.0,805059200.0,194742112.0,0.0,132138176.0,0.0,714169152.0,0.0,0.0,373527136.0
23,123230720.0,0.0,426349792.0,200717408.0,476281888.0,0.0,0.0,715894080.0,315678080.0,0.0,421211584.0,119110776.0,404994464.0,0.0,0.0,957587200.0,77885656.0,0.0,126597344.0,0.0,242599312.0,0.0,0.0,846968256.0,377191712.0,0.0,716396928.0,0.0,496785824.0,0.0,0.0,674561024.0,0.0,0.0,88313448.0,0.0,541979392.0,0.0,0.0,448211840.0,39019760.0,0.0,308221248.0,0.0,343667488.0,0.0,0.0,600823232.0,362568416.0,306536928.0,143853440.0,34869408.0,877037952.0,0.0,0.0,983533952.0,0.0,0.0,569381568.0,0.0,877003904.0,0.0,0.0,693963328.0,0.0,0.0,370832672.0,350079136.0,402714400.0,0.0,0.0,700805312.0
72,345947904.0,0.0,86076472.0,50309272.0,444539104.0,0.0,0.0,599142016.0,718178048.0,0.0,374771040.0,0.0,433864640.0,0.0,0.0,487837408.0,0.0,0.0,298793792.0,51892756.0,513746816.0,0.0,0.0,690681152.0,234300160.0,0.0,328766944.0,104425032.0,444001088.0,2243621.0,10548730.0,727607808.0,262425136.0,0.0,211874896.0,0.0,489301376.0,0.0,0.0,647558720.0,449578688.0,0.0,114154928.0,549662.0,356687424.0,0.0,0.0,648536768.0,0.0,0.0,453515200.0,0.0,123684152.0,0.0,0.0,830619136.0,71081968.0,0.0,19651188.0,0.0,548075840.0,0.0,0.0,792887040.0,182840848.0,0.0,643139328.0,271321376.0,326443552.0,0.0,0.0,814802880.0
79,228118224.0,0.0,138702672.0,0.0,698731008.0,4189028.5,0.0,632262528.0,38802040.0,0.0,220059904.0,116869112.0,394686944.0,112174128.0,0.0,595619712.0,218981584.0,0.0,862587712.0,0.0,841121984.0,0.0,0.0,889882368.0,183883184.0,0.0,409186112.0,0.0,481051616.0,0.0,0.0,930500352.0,0.0,172072160.0,410276576.0,237062240.0,537579328.0,0.0,0.0,538491712.0,0.0,0.0,690977600.0,92840072.0,898427392.0,0.0,0.0,930457152.0,170122144.0,0.0,383232320.0,343389600.0,337130624.0,0.0,0.0,619745920.0,0.0,0.0,113948632.0,46089276.0,208961856.0,34963288.0,0.0,1024207296.0,105118328.0,0.0,367350880.0,0.0,308592256.0,0.0,0.0,1055382528.0
78,0.0,114218544.0,403027904.0,0.0,908444800.0,0.0,169851504.0,1148172544.0,332529536.0,0.0,521460192.0,0.0,463581440.0,0.0,0.0,435959008.0,0.0,0.0,276792224.0,0.0,849396096.0,0.0,0.0,785321600.0,154252384.0,0.0,78000816.0,250547184.0,717821184.0,0.0,0.0,798356352.0,399664992.0,0.0,500576448.0,0.0,946691712.0,0.0,0.0,426217760.0,0.0,0.0,139817968.0,278545536.0,529854528.0,0.0,0.0,530922592.0,249364816.0,0.0,62952112.0,0.0,684187968.0,63044520.0,0.0,525621920.0,303067008.0,0.0,136241904.0,0.0,568217216.0,0.0,0.0,703141376.0,57055796.0,0.0,451229824.0,0.0,1012285760.0,0.0,0.0,1295919488.0
87,0.0,0.0,371872928.0,0.0,855679616.0,0.0,0.0,446310336.0,0.0,0.0,277581632.0,0.0,527759552.0,0.0,0.0,541765824.0,0.0,0.0,352304384.0,0.0,189250864.0,0.0,0.0,368862560.0,0.0,0.0,579094144.0,213268928.0,530397888.0,0.0,0.0,401402208.0,71681712.0,0.0,123395288.0,78156424.0,437511520.0,51971300.0,0.0,532677536.0,0.0,0.0,382825152.0,0.0,253950976.0,0.0,0.0,457417504.0,71296520.0,0.0,69586080.0,149155648.0,245832960.0,0.0,0.0,460034624.0,0.0,119450416.0,263636784.0,0.0,421888160.0,0.0,0.0,299514688.0,0.0,0.0,247901728.0,12737662.0,277085824.0,6869691.0,0.0,371335968.0
6,151157808.0,0.0,250408128.0,0.0,778316032.0,0.0,0.0,768832576.0,0.0,0.0,370856384.0,83257344.0,382005472.0,0.0,0.0,448226464.0,0.0,0.0,178580352.0,12170766.0,227286368.0,0.0,0.0,478826144.0,36512812.0,0.0,418260608.0,0.0,524994336.0,0.0,0.0,657381376.0,0.0,0.0,210925520.0,129247808.0,387177280.0,17967152.0,0.0,371540096.0,0.0,0.0,296398208.0,0.0,158315696.0,26208900.0,4182827.25,376411648.0,0.0,50405252.0,354266944.0,96278280.0,359719648.0,166698688.0,0.0,521749920.0,0.0,51160084.0,105972416.0,154739792.0,290552128.0,143857296.0,0.0,280726944.0,0.0,0.0,189789616.0,0.0,103972832.0,5473460.5,0.0,219892448.0
68,418195584.0,0.0,242823824.0,0.0,850112384.0,0.0,0.0,557213696.0,38287208.0,19344250.0,287667808.0,138004512.0,675193344.0,124746328.0,0.0,554800960.0,102080208.0,0.0,142767024.0,213391168.0,503500512.0,0.0,0.0,748166272.0,71522464.0,0.0,469370656.0,0.0,437940640.0,0.0,0.0,506001760.0,87687376.0,0.0,386542176.0,0.0,779485312.0,0.0,0.0,482229152.0,366537056.0,0.0,265711584.0,367353728.0,608325440.0,159300576.0,0.0,791335872.0,126463448.0,0.0,192721904.0,249065712.0,388342304.0,0.0,0.0,808615872.0,671460.0,0.0,329238656.0,26317674.0,542792192.0,0.0,0.0,701080192.0,0.0,0.0,220559744.0,0.0,483352928.0,0.0,0.0,419914496.0
69,127352808.0,0.0,132138600.0,0.0,518412192.0,133672408.0,0.0,684674240.0,75176568.0,0.0,192133280.0,0.0,576963520.0,0.0,0.0,476679584.0,0.0,0.0,308864992.0,118079208.0,176488736.0,0.0,94962744.0,301618048.0,0.0,0.0,209089456.0,0.0,123804912.0,139586656.0,0.0,363067776.0,0.0,0.0,238366048.0,0.0,256659680.0,37712300.0,0.0,519336928.0,0.0,0.0,62204344.0,0.0,147461536.0,8687505.0,0.0,227341520.0,0.0,0.0,60766040.0,2513101.5,162360848.0,0.0,0.0,319220768.0,50036296.0,57412404.0,72495360.0,0.0,209151872.0,0.0,0.0,164058320.0,0.0,0.0,128884440.0,16659932.0,45777160.0,0.0,713717.75,167519024.0
1,282036896.0,0.0,203782240.0,26665836.0,409549088.0,0.0,0.0,857631872.0,314427648.0,0.0,48832292.0,5675656.0,544553728.0,0.0,0.0,989677568.0,41301416.0,0.0,463132896.0,0.0,628792512.0,0.0,0.0,510213024.0,308052896.0,0.0,143626096.0,152534640.0,471256896.0,0.0,73087136.0,586475584.0,162428960.0,0.0,223327712.0,0.0,568277632.0,0.0,0.0,648704768.0,197995920.0,87702200.0,429672416.0,129736040.0,661577792.0,0.0,0.0,576769664.0,98274392.0,0.0,263460544.0,109501280.0,279231360.0,0.0,28991468.0,767884416.0,373571328.0,0.0,147192720.0,267132848.0,702642432.0,0.0,0.0,465734208.0,0.0,0.0,412202080.0,0.0,428145120.0,0.0,0.0,783290304.0
45,0.0,6915332.0,7957711.0,0.0,21455530.0,81766.875,21004742.0,22177212.0,0.0,0.0,0.0,0.0,0.0,0.0,0.0,0.0,0.0,0.0,0.0,0.0,0.0,0.0,0.0,0.0,0.0,0.0,0.0,0.0,0.0,0.0,0.0,0.0,0.0,0.0,0.0,0.0,0.0,0.0,0.0,0.0,0.0,0.0,0.0,0.0,0.0,0.0,0.0,0.0,0.0,0.0,0.0,0.0,0.0,0.0,0.0,0.0,0.0,0.0,0.0,0.0,0.0,0.0,0.0,0.0,0.0,0.0,0.0,0.0,0.0,0.0,0.0,0.0
33,0.0,9745366.0,47414320.0,0.0,12958827.0,0.0,23320558.0,129976728.0,0.0,26763534.0,17028592.0,0.0,9579572.0,0.0,9603749.0,24913870.0,0.0,0.0,0.0,0.0,0.0,0.0,0.0,0.0,0.0,17100866.0,9715298.0,8900774.0,0.0,14036346.0,0.0,39670700.0,0.0,8216542.5,2157064.5,0.0,12861342.0,0.0,8363373.5,5621645.5,0.0,0.0,0.0,0.0,0.0,0.0,0.0,0.0,0.0,0.0,0.0,0.0,0.0,0.0,0.0,0.0,0.0,0.0,0.0,0.0,0.0,0.0,0.0,0.0,0.0,0.0,0.0,0.0,0.0,0.0,0.0,0.0
15,0.0,0.0,277799008.0,0.0,315062400.0,0.0,0.0,630393408.0,0.0,0.0,146780624.0,9670350.0,397774912.0,84168240.0,0.0,385872256.0,0.0,70036464.0,134666016.0,6849586.5,65503012.0,71685072.0,57557672.0,219874656.0,0.0,0.0,331978080.0,150191584.0,141606352.0,0.0,0.0,558535936.0,0.0,0.0,87224888.0,0.0,223535680.0,84764600.0,0.0,221111840.0,0.0,0.0,92077752.0,0.0,77110704.0,16840680.0,0.0,213774752.0,0.0,0.0,55845976.0,33168632.0,51041012.0,0.0,0.0,99921296.0,0.0,0.0,93495392.0,24274236.0,68989312.0,0.0,0.0,97610872.0,0.0,3200813.0,38124844.0,0.0,39173288.0,0.0,48716104.0,129557408.0
93,0.0,0.0,575173632.0,237176400.0,718367808.0,0.0,0.0,885287488.0,0.0,0.0,307415680.0,200141472.0,486499584.0,0.0,0.0,1101366656.0,100751376.0,0.0,317722496.0,0.0,814585984.0,0.0,0.0,457186336.0,0.0,0.0,120392328.0,0.0,280764832.0,0.0,0.0,523895232.0,23113924.0,0.0,582554688.0,0.0,553617024.0,0.0,0.0,661234496.0,0.0,0.0,434436000.0,0.0,334449792.0,0.0,0.0,635805184.0,201335136.0,0.0,197803488.0,0.0,365396448.0,0.0,0.0,616418560.0,36941148.0,47763768.0,324054848.0,0.0,441210208.0,233131632.0,0.0,481249728.0,0.0,0.0,269048576.0,0.0,464418656.0,0.0,0.0,464502560.0
24,115950208.0,0.0,556885376.0,0.0,274847168.0,0.0,0.0,795939072.0,0.0,0.0,439860032.0,0.0,406980160.0,0.0,0.0,829512704.0,0.0,0.0,799025024.0,0.0,256157008.0,0.0,0.0,1071545280.0,134393056.0,0.0,753339520.0,142239088.0,797061440.0,0.0,0.0,924101696.0,0.0,0.0,184398576.0,152092272.0,47254340.0,1263509.0,0.0,594286592.0,0.0,12116952.0,277129408.0,0.0,172278016.0,0.0,0.0,901520512.0,0.0,0.0,0.0,0.0,487506880.0,0.0,0.0,825596352.0,214312000.0,0.0,391824672.0,0.0,469447104.0,0.0,0.0,970190080.0,337210080.0,0.0,519583456.0,12678054.0,179574384.0,112774368.0,0.0,681176896.0
25,0.0,0.0,324453600.0,0.0,301267904.0,0.0,0.0,582055552.0,0.0,0.0,216097072.0,32093402.0,110848656.0,0.0,0.0,259041520.0,0.0,33580232.0,32374128.0,1612072.75,0.0,30344278.0,77225400.0,160260544.0,0.0,62881592.0,201124368.0,177818736.0,90708120.0,17310646.0,0.0,277253984.0,0.0,0.0,70948120.0,26345040.0,9775388.0,0.0,0.0,155520752.0,485066.0625,1848870.125,0.0,23040238.0,16373541.0,9503107.0,0.0,33729928.0,0.0,9372854.0,0.0,0.0,8070307.5,0.0,6496509.5,61221616.0,0.0,3685301.0,8339507.0,2171709.5,1919887.75,0.0,5175007.0,63470868.0,0.0,950810.625,0.0,0.0,5455437.5,0.0,0.0,8307891.0
26,0.0,8143084.5,2884928.0,0.0,11729985.0,0.0,9461008.0,27848540.0,0.0,0.0,0.0,0.0,0.0,0.0,0.0,0.0,0.0,0.0,0.0,0.0,0.0,0.0,0.0,0.0,0.0,0.0,0.0,0.0,0.0,0.0,0.0,0.0,0.0,0.0,0.0,0.0,0.0,0.0,0.0,0.0,0.0,0.0,0.0,0.0,0.0,0.0,0.0,0.0,0.0,0.0,0.0,0.0,0.0,0.0,0.0,0.0,0.0,0.0,0.0,0.0,0.0,0.0,0.0,0.0,0.0,0.0,0.0,0.0,0.0,0.0,0.0,0.0
48,341006720.0,0.0,356415616.0,225048112.0,503804992.0,0.0,72053104.0,817241600.0,0.0,0.0,248535152.0,88178992.0,471396480.0,0.0,0.0,340694016.0,231243136.0,0.0,327426368.0,0.0,805591936.0,0.0,18097996.0,751493888.0,0.0,53591088.0,856180096.0,134442976.0,700692800.0,151126032.0,0.0,809135104.0,0.0,0.0,450955712.0,0.0,520477376.0,0.0,0.0,835264448.0,231832416.0,175984240.0,473695840.0,0.0,338383712.0,0.0,0.0,645903808.0,120102832.0,131284048.0,0.0,0.0,263723904.0,0.0,0.0,466608352.0,97442672.0,0.0,331203424.0,43525072.0,272668096.0,0.0,0.0,567881984.0,0.0,9005654.0,912587840.0,0.0,848705216.0,0.0,0.0,717507328.0
71,0.0,8290218.0,2176405.5,0.0,12976668.0,4993583.0,29513408.0,28431380.0,0.0,0.0,0.0,0.0,0.0,0.0,0.0,0.0,0.0,0.0,0.0,0.0,0.0,0.0,0.0,0.0,0.0,0.0,0.0,0.0,0.0,0.0,0.0,0.0,0.0,0.0,0.0,0.0,0.0,0.0,0.0,0.0,0.0,0.0,0.0,0.0,0.0,0.0,0.0,0.0,0.0,0.0,0.0,0.0,0.0,0.0,0.0,0.0,0.0,0.0,0.0,0.0,0.0,0.0,0.0,0.0,0.0,0.0,0.0,0.0,0.0,0.0,0.0,0.0
76,288925984.0,0.0,161310544.0,292000000.0,511278496.0,0.0,0.0,577336064.0,129705024.0,0.0,388698432.0,0.0,1047835776.0,0.0,0.0,617264192.0,370505728.0,0.0,31280132.0,50055600.0,205007136.0,0.0,0.0,1097823104.0,31927784.0,0.0,193024112.0,99245264.0,429939776.0,0.0,0.0,494119776.0,420426112.0,0.0,308666432.0,167833248.0,301911232.0,0.0,0.0,660716800.0,0.0,0.0,728324544.0,0.0,826635392.0,0.0,0.0,807721920.0,642091136.0,0.0,140882000.0,258816848.0,630242880.0,0.0,0.0,382937472.0,0.0,0.0,480167488.0,0.0,446594080.0,443659296.0,0.0,735917248.0,268840448.0,0.0,213905040.0,33944964.0,466397568.0,0.0,0.0,1437973248.0
7,252960512.0,0.0,324103520.0,0.0,475829728.0,0.0,70787056.0,535543392.0,322766432.0,0.0,655128768.0,0.0,560187392.0,0.0,0.0,667744000.0,0.0,0.0,560080832.0,49974660.0,316719872.0,0.0,0.0,574462592.0,0.0,0.0,305122016.0,0.0,583536064.0,99507264.0,0.0,786987072.0,0.0,0.0,231401856.0,0.0,603356032.0,0.0,0.0,949525568.0,31555930.0,0.0,310125504.0,0.0,334038816.0,0.0,0.0,779337792.0,78128712.0,0.0,441156032.0,0.0,365736352.0,0.0,0.0,563851264.0,0.0,0.0,271158688.0,75694016.0,562309888.0,0.0,0.0,675582784.0,0.0,21802996.0,413594176.0,68288512.0,195079312.0,0.0,0.0,659485248.0
50,267807216.0,0.0,623070400.0,0.0,769851392.0,0.0,86250920.0,771778816.0,55578208.0,0.0,254275024.0,17629584.0,601912832.0,0.0,0.0,620097280.0,0.0,0.0,714038272.0,265407056.0,395418272.0,0.0,0.0,508240512.0,0.0,0.0,34776080.0,57176912.0,559428480.0,0.0,0.0,650644864.0,0.0,0.0,516158688.0,628494720.0,778339456.0,0.0,0.0,612551680.0,44158240.0,0.0,306134656.0,0.0,639134592.0,0.0,0.0,823747904.0,426223744.0,139253344.0,361087168.0,113570800.0,218675840.0,0.0,0.0,998650624.0,0.0,0.0,251710576.0,107190240.0,551796160.0,29634784.0,0.0,673322240.0,0.0,0.0,327444864.0,69256344.0,317102720.0,0.0,0.0,519101248.0
22,0.0,0.0,180270608.0,105026968.0,508304192.0,0.0,0.0,495659552.0,0.0,53237672.0,745019968.0,116199312.0,306214272.0,146065536.0,0.0,394145664.0,0.0,0.0,270824928.0,0.0,425567264.0,32141160.0,33669804.0,313572416.0,0.0,0.0,227051056.0,0.0,298784320.0,26317760.0,0.0,804787072.0,0.0,0.0,447811584.0,0.0,181550640.0,0.0,0.0,377995360.0,0.0,0.0,223735872.0,54577852.0,89652656.0,7711032.0,0.0,375652640.0,0.0,0.0,193776144.0,1107584.75,276415648.0,0.0,0.0,312132416.0,0.0,79001720.0,197997056.0,3755859.75,191582448.0,0.0,0.0,303495584.0,0.0,0.0,134662784.0,43996256.0,179153456.0,0.0,0.0,177005728.0
4,0.0,4401266.0,0.0,0.0,75544.5,0.0,0.0,8435816.0,0.0,0.0,0.0,0.0,0.0,0.0,0.0,0.0,0.0,0.0,0.0,0.0,0.0,0.0,0.0,0.0,0.0,0.0,0.0,0.0,0.0,0.0,0.0,0.0,0.0,0.0,0.0,0.0,0.0,0.0,0.0,0.0,0.0,0.0,0.0,0.0,0.0,0.0,0.0,0.0,0.0,0.0,0.0,0.0,0.0,0.0,0.0,0.0,0.0,0.0,0.0,0.0,0.0,0.0,0.0,0.0,0.0,0.0,0.0,0.0,0.0,0.0,0.0,0.0
32,152176016.0,0.0,765701760.0,445644704.0,657876992.0,0.0,0.0,683381568.0,167617584.0,0.0,293702144.0,19756670.0,286497760.0,0.0,0.0,845049280.0,355452160.0,0.0,517183840.0,0.0,488745536.0,0.0,0.0,540817152.0,440923264.0,0.0,756509632.0,0.0,643091776.0,0.0,0.0,701406208.0,98665840.0,0.0,301909824.0,0.0,503987008.0,0.0,0.0,920105472.0,0.0,0.0,479705568.0,105813456.0,548266112.0,0.0,0.0,766494144.0,0.0,0.0,0.0,72884056.0,468142368.0,0.0,124735176.0,893504256.0,146164784.0,10132392.0,916031.0,242872704.0,567979776.0,0.0,0.0,689548032.0,0.0,0.0,471448896.0,37002500.0,396730944.0,0.0,26023594.0,775516352.0
77,0.0,0.0,277958048.0,181048384.0,182912000.0,0.0,0.0,601300416.0,0.0,0.0,389640352.0,9204915.0,254720512.0,10077873.0,0.0,296429184.0,0.0,0.0,111434744.0,39023956.0,92575832.0,64705836.0,23902212.0,143093968.0,32171474.0,80941192.0,190868832.0,105547352.0,179857376.0,0.0,34435172.0,514719648.0,0.0,22567732.0,244089568.0,114629264.0,126565176.0,102820624.0,0.0,201173488.0,0.0,511712.5625,122587280.0,61106876.0,8836700.0,75725376.0,0.0,161095120.0,0.0,66538148.0,4642746.0,0.0,0.0,0.0,0.0,95763192.0,0.0,14113650.0,31665052.0,0.0,6121642.0,9026226.0,0.0,145509264.0,0.0,5619213.0,0.0,6510998.0,9453656.0,0.0,2159674.0,13183279.0
91,198405648.0,60944316.0,361332256.0,0.0,727007232.0,0.0,0.0,491785792.0,0.0,0.0,463780032.0,0.0,379970144.0,0.0,0.0,594217792.0,0.0,0.0,309097024.0,0.0,186231648.0,19332340.0,0.0,566405952.0,116770392.0,0.0,87456240.0,51762540.0,493956352.0,0.0,0.0,714415296.0,0.0,0.0,358910816.0,0.0,538281664.0,0.0,0.0,526339392.0,0.0,0.0,195431936.0,126956568.0,150113264.0,316188128.0,0.0,373997024.0,53860860.0,25611084.0,98764064.0,0.0,308998848.0,0.0,0.0,580428544.0,6010920.5,0.0,182712672.0,0.0,324635616.0,0.0,0.0,302924960.0,0.0,0.0,136413472.0,0.0,124144040.0,0.0,0.0,284790560.0
42,0.0,6194485.0,37582392.0,12204435.0,29591612.0,8458070.0,0.0,96505040.0,0.0,15484349.0,0.0,17111464.0,23927436.0,9938173.0,12946963.0,10897984.0,0.0,0.0,0.0,0.0,0.0,0.0,0.0,0.0,0.0,687250.875,23591672.0,0.0,10724880.0,0.0,9186360.0,26598126.0,0.0,0.0,0.0,0.0,956035.0,0.0,1919877.0,6812092.0,0.0,0.0,0.0,0.0,0.0,0.0,0.0,0.0,0.0,0.0,0.0,0.0,0.0,0.0,0.0,0.0,0.0,0.0,0.0,0.0,0.0,0.0,0.0,0.0,0.0,0.0,0.0,0.0,0.0,0.0,0.0,0.0
13,22315352.0,0.0,352087296.0,0.0,356197696.0,203594928.0,0.0,580609536.0,0.0,0.0,293922112.0,220127520.0,230714816.0,0.0,0.0,979909184.0,0.0,0.0,465866048.0,236040176.0,705265344.0,151416720.0,0.0,836486272.0,29073470.0,0.0,291394976.0,0.0,1115445504.0,0.0,0.0,592976384.0,231240224.0,0.0,301318080.0,199995488.0,444038656.0,0.0,0.0,738349760.0,421889920.0,0.0,351315424.0,0.0,813884800.0,0.0,0.0,969423424.0,355396160.0,0.0,382527456.0,0.0,352936224.0,0.0,0.0,581020224.0,0.0,0.0,348731840.0,0.0,571730944.0,0.0,0.0,516564192.0,155395232.0,0.0,59748988.0,34843304.0,588009664.0,0.0,0.0,629172480.0
41,0.0,9054954.0,7097513.0,736735.125,16183918.0,0.0,52589584.0,42904356.0,0.0,0.0,0.0,0.0,0.0,0.0,0.0,0.0,0.0,0.0,0.0,0.0,0.0,0.0,0.0,0.0,0.0,0.0,0.0,0.0,0.0,0.0,0.0,0.0,0.0,0.0,0.0,0.0,0.0,0.0,0.0,0.0,0.0,0.0,0.0,0.0,0.0,0.0,0.0,0.0,0.0,0.0,0.0,0.0,0.0,0.0,0.0,0.0,0.0,0.0,0.0,0.0,0.0,0.0,0.0,0.0,0.0,0.0,0.0,0.0,0.0,0.0,0.0,0.0
55,0.0,0.0,181355536.0,4830413.5,146148928.0,29978260.0,0.0,459871904.0,0.0,2632915.5,107184776.0,0.0,204711792.0,0.0,0.0,236987808.0,0.0,0.0,0.0,16518428.0,0.0,69304256.0,0.0,92452224.0,0.0,198355392.0,145750848.0,0.0,117376072.0,7452917.5,0.0,181582432.0,0.0,13959496.0,55603196.0,0.0,64424164.0,0.0,30856966.0,87209432.0,0.0,0.0,0.0,16321590.0,0.0,20349312.0,4641774.0,0.0,0.0,23331110.0,43609308.0,0.0,9442410.0,0.0,0.0,91352936.0,0.0,13075944.0,20301558.0,3674819.5,9022586.0,0.0,23400006.0,42792964.0,0.0,2181848.75,0.0,0.0,0.0,0.0,0.0,0.0
31,0.0,0.0,340395680.0,0.0,459777568.0,0.0,0.0,616573824.0,0.0,0.0,227547360.0,0.0,316966272.0,0.0,28740260.0,356044256.0,0.0,0.0,214891424.0,0.0,250063600.0,0.0,0.0,404174560.0,0.0,86466016.0,336146336.0,73052504.0,296073184.0,29274000.0,0.0,280014592.0,0.0,0.0,57441400.0,0.0,153081456.0,23629560.0,0.0,332112160.0,0.0,0.0,191176256.0,0.0,251802464.0,0.0,0.0,267165056.0,0.0,0.0,120119120.0,0.0,211483152.0,0.0,0.0,229833424.0,0.0,0.0,192683168.0,0.0,296113536.0,18713768.0,0.0,160973984.0,0.0,0.0,117822608.0,0.0,154375696.0,17505298.0,0.0,260444688.0
66,1910546.0,0.0,392447808.0,91017040.0,196868496.0,0.0,0.0,604631040.0,33654688.0,15298904.0,367137440.0,0.0,262491728.0,0.0,0.0,453787552.0,0.0,0.0,161251936.0,11377921.0,117623776.0,79404008.0,0.0,296330496.0,0.0,64017144.0,362056352.0,144152384.0,245422704.0,14656462.0,0.0,469354976.0,68311448.0,0.0,201508048.0,0.0,137414720.0,0.0,0.0,319720992.0,0.0,0.0,103924224.0,0.0,38579672.0,16389277.0,9699690.0,132492864.0,0.0,1675281.875,53550572.0,0.0,62670840.0,0.0,0.0,281053600.0,0.0,0.0,76963488.0,22925346.0,35893316.0,0.0,0.0,78041176.0,0.0,15341615.0,22224230.0,0.0,36896912.0,0.0,13501722.0,53918712.0
65,0.0,0.0,312183392.0,310126976.0,628076800.0,0.0,25622230.0,619645056.0,17196888.0,0.0,502105792.0,0.0,413291936.0,0.0,0.0,612332224.0,46062540.0,0.0,206188624.0,52087792.0,191154048.0,71841184.0,12894455.0,306093888.0,25310236.0,0.0,121422248.0,287562112.0,435767360.0,0.0,0.0,518236800.0,0.0,0.0,296466912.0,0.0,549187968.0,0.0,0.0,343600096.0,0.0,0.0,185333536.0,0.0,108305208.0,0.0,0.0,469465952.0,0.0,0.0,226885824.0,36363372.0,115225328.0,124442528.0,0.0,208724592.0,0.0,31938208.0,246295120.0,6400424.0,218612304.0,0.0,11349606.0,269063744.0,0.0,0.0,219380624.0,797613.0,150329904.0,30575906.0,0.0,200016432.0
62,0.0,0.0,442551232.0,139218816.0,392269536.0,0.0,0.0,757543168.0,0.0,0.0,303114560.0,0.0,500798624.0,52018032.0,0.0,639305472.0,0.0,0.0,250651056.0,245360192.0,595868928.0,0.0,0.0,341521088.0,348644640.0,0.0,231630608.0,0.0,743894144.0,0.0,0.0,592128576.0,0.0,0.0,338740032.0,0.0,457694400.0,0.0,0.0,623865856.0,0.0,0.0,382496352.0,0.0,252875920.0,94650208.0,0.0,1083950080.0,158943584.0,0.0,51726780.0,425935360.0,331154656.0,0.0,0.0,642223168.0,0.0,0.0,93306816.0,0.0,531768224.0,0.0,0.0,458484288.0,159203776.0,0.0,234057024.0,213011440.0,359702304.0,0.0,0.0,554488448.0
21,0.0,0.0,588168128.0,0.0,243256096.0,0.0,0.0,961927488.0,0.0,0.0,357706272.0,75076896.0,323653536.0,0.0,0.0,753764672.0,0.0,0.0,391965696.0,0.0,385642656.0,0.0,0.0,636363840.0,33909764.0,137947488.0,153937328.0,0.0,606525888.0,0.0,0.0,766032640.0,0.0,0.0,230405328.0,0.0,650290112.0,0.0,61358100.0,582111296.0,0.0,0.0,547468672.0,0.0,520261216.0,0.0,0.0,469880672.0,71582936.0,0.0,379859744.0,241932528.0,393209248.0,91160856.0,0.0,552723328.0,0.0,0.0,351114208.0,55390420.0,229919584.0,0.0,0.0,440110784.0,0.0,0.0,299600608.0,161465424.0,244599920.0,0.0,0.0,324568224.0
95,0.0,20449460.0,245578192.0,0.0,273103520.0,0.0,0.0,255628944.0,0.0,0.0,49657780.0,4211719.5,55969096.0,35594232.0,0.0,372497568.0,0.0,51832128.0,17515296.0,0.0,50949320.0,0.0,35834956.0,0.0,0.0,57873568.0,83731840.0,72560064.0,18470828.0,0.0,0.0,156739184.0,0.0,42599800.0,38343716.0,0.0,91471304.0,0.0,31878016.0,68980768.0,0.0,8282895.5,399861.0,0.0,8734108.0,600069.5,16542804.0,29760324.0,0.0,39116724.0,53580528.0,38069548.0,6443894.5,12075522.0,0.0,17390388.0,0.0,6463463.0,1609593.125,9635640.0,0.0,0.0,2380985.25,32670346.0,0.0,8026822.5,2107257.0,0.0,12564374.0,0.0,8170264.0,5491841.5
84,109536752.0,0.0,238838096.0,0.0,238629904.0,0.0,0.0,410685408.0,0.0,0.0,133773448.0,17457152.0,186989056.0,67563520.0,0.0,220594448.0,4568669.5,19563192.0,6521985.0,24536786.0,40787200.0,49868088.0,14753122.0,58438788.0,0.0,0.0,275600160.0,62965764.0,149322672.0,14956632.0,868617.0,193206912.0,0.0,0.0,72349432.0,21245086.0,45018412.0,59999076.0,0.0,152534576.0,0.0,689554.75,76594400.0,30103372.0,1159279.75,20026474.0,323946.625,109824968.0,0.0,10294071.0,0.0,36867340.0,0.0,0.0,0.0,77734264.0,0.0,34480896.0,13113194.0,2454427.0,16993112.0,0.0,12446850.0,60506724.0,0.0,12367228.0,833107.25,0.0,2761530.5,0.0,934891.9375,9302767.0
58,291432576.0,50320376.0,612963712.0,0.0,460284928.0,0.0,0.0,784025984.0,167981008.0,0.0,124877328.0,135755168.0,261847712.0,0.0,125181368.0,475886208.0,207336464.0,0.0,289203776.0,0.0,485463552.0,63683336.0,0.0,666712576.0,0.0,0.0,15622595.0,170923392.0,408203712.0,0.0,0.0,777803328.0,30088212.0,0.0,44195668.0,0.0,310941312.0,0.0,0.0,681376064.0,56349472.0,0.0,404639936.0,0.0,697177728.0,196287936.0,0.0,674335616.0,0.0,0.0,25804326.0,97044304.0,645372224.0,0.0,0.0,558632064.0,260617616.0,0.0,321754912.0,0.0,828854528.0,0.0,0.0,894999168.0,0.0,0.0,176738176.0,0.0,345245888.0,0.0,0.0,461272736.0
64,408329504.0,0.0,195345296.0,58557212.0,707875072.0,0.0,0.0,668040576.0,188503568.0,0.0,123526904.0,111822224.0,495224352.0,0.0,0.0,358297152.0,285549696.0,0.0,253369664.0,0.0,732888640.0,0.0,0.0,453846464.0,156487952.0,0.0,251198944.0,76458688.0,739107712.0,0.0,0.0,942799104.0,223514640.0,0.0,6089118.0,0.0,348234912.0,0.0,0.0,871926656.0,328583968.0,0.0,396115744.0,112041896.0,168552448.0,0.0,0.0,880222848.0,384155744.0,0.0,243297456.0,0.0,849632064.0,0.0,0.0,964683904.0,231089056.0,0.0,536868480.0,230946288.0,358467488.0,0.0,0.0,754104896.0,32669828.0,0.0,572068864.0,187527040.0,731242432.0,0.0,0.0,478929408.0
83,16157412.0,0.0,259686688.0,0.0,414819584.0,29268676.0,0.0,669989312.0,0.0,0.0,268736064.0,115196048.0,324962880.0,0.0,0.0,468753024.0,0.0,0.0,238149184.0,0.0,86335816.0,160549440.0,58145168.0,360264576.0,0.0,0.0,207511616.0,230547056.0,532101984.0,0.0,0.0,517083648.0,0.0,9046966.0,177734304.0,0.0,232625312.0,0.0,0.0,472049696.0,0.0,0.0,193959136.0,0.0,304349184.0,0.0,109215856.0,272612352.0,110821680.0,56702884.0,96543024.0,88446200.0,146195008.0,0.0,0.0,270496192.0,0.0,56590484.0,168458768.0,0.0,126286600.0,2444776.75,0.0,106423128.0,0.0,28901260.0,74848408.0,37954772.0,9688841.0,0.0,20360396.0,121713952.0
94,129574936.0,0.0,431270944.0,0.0,569778304.0,0.0,0.0,849582720.0,16312472.0,676990.5,285628608.0,458853600.0,745667904.0,51348936.0,0.0,705931008.0,118415888.0,0.0,274250240.0,236401408.0,157470704.0,0.0,0.0,775664960.0,0.0,0.0,600804032.0,105315720.0,504661376.0,0.0,0.0,571028096.0,0.0,0.0,136616640.0,242541408.0,274606176.0,0.0,0.0,592434624.0,0.0,0.0,352945632.0,142764832.0,200088464.0,45662168.0,0.0,694321664.0,0.0,0.0,566346880.0,0.0,558141248.0,0.0,0.0,576241856.0,24228812.0,0.0,235343616.0,113733024.0,315767264.0,0.0,0.0,629745984.0,0.0,0.0,393351168.0,0.0,641535872.0,0.0,0.0,670126656.0
0,494594272.0,0.0,17152140.0,0.0,714940800.0,0.0,0.0,853104448.0,186109408.0,0.0,216821280.0,0.0,727439232.0,0.0,0.0,734954944.0,75429936.0,0.0,778083136.0,37743332.0,523333824.0,0.0,0.0,654929344.0,160006960.0,0.0,0.0,179074464.0,1030641984.0,0.0,0.0,955651136.0,62719736.0,0.0,80453008.0,98021008.0,567402560.0,0.0,0.0,847899648.0,54747608.0,0.0,402051456.0,0.0,369791168.0,0.0,0.0,633679808.0,0.0,0.0,205543376.0,0.0,716836992.0,0.0,0.0,348524064.0,0.0,0.0,301545088.0,137875104.0,875413440.0,0.0,0.0,581137664.0,37185592.0,0.0,482092096.0,93480624.0,449636736.0,0.0,0.0,698022400.0
99,381258176.0,0.0,388059776.0,0.0,122427200.0,0.0,0.0,872382400.0,72218848.0,0.0,558907136.0,275723456.0,364200704.0,0.0,0.0,1004665472.0,117478848.0,0.0,170289504.0,0.0,672497600.0,0.0,0.0,672961920.0,0.0,1703287.5,260699264.0,0.0,576012544.0,80933712.0,0.0,679136192.0,106448328.0,0.0,579578176.0,0.0,429603520.0,134486496.0,0.0,892312576.0,0.0,0.0,546698752.0,0.0,501038112.0,13089862.0,0.0,615270592.0,426018112.0,0.0,244296496.0,38171660.0,647960960.0,0.0,0.0,576682240.0,634649664.0,0.0,330678368.0,0.0,285507744.0,0.0,0.0,780766528.0,0.0,0.0,396568160.0,144603072.0,952852992.0,0.0,0.0,636244224.0
96,49399860.0,0.0,301677696.0,32480754.0,174248816.0,5801720.5,0.0,165021760.0,0.0,0.0,77383208.0,78553968.0,98400392.0,20470948.0,0.0,75705752.0,0.0,4847095.0,0.0,5450347.0,0.0,35586428.0,0.0,22089348.0,0.0,7938613.5,90338464.0,0.0,44830016.0,0.0,0.0,71765808.0,0.0,12018169.0,28116278.0,13920968.0,46562248.0,12605390.0,18929094.0,47018888.0,0.0,4667571.5,0.0,2870799.0,100346.21875,0.0,0.0,3931113.25,0.0,17446974.0,0.0,6611711.5,0.0,15362504.0,0.0,39623864.0,0.0,3825700.25,0.0,0.0,13020344.0,0.0,2399294.5,9772601.0,0.0,0.0,0.0,0.0,0.0,0.0,0.0,1316127.75
67,0.0,0.0,305912832.0,3346096.75,201132624.0,132059264.0,0.0,467327072.0,0.0,0.0,123895848.0,0.0,37534856.0,27700344.0,0.0,179889120.0,0.0,4637773.0,1962033.875,0.0,0.0,34390620.0,5024730.5,20297722.0,0.0,26981126.0,22220792.0,0.0,0.0,28543776.0,0.0,150849296.0,0.0,11525741.0,67556184.0,33178184.0,27766888.0,0.0,22418270.0,112512448.0,5090452.0,7298679.0,0.0,2497541.0,0.0,0.0,0.0,0.0,0.0,6364590.5,0.0,0.0,0.0,0.0,0.0,99309432.0,0.0,9316112.0,8006801.5,0.0,21799910.0,0.0,12140204.0,26994374.0,0.0,0.0,0.0,0.0,0.0,0.0,0.0,3052573.5
61,493977376.0,0.0,160646464.0,29071144.0,490310048.0,0.0,0.0,867694272.0,39778728.0,0.0,549409984.0,224925184.0,332137760.0,40501040.0,0.0,831446656.0,87262160.0,0.0,498977184.0,152292544.0,120951496.0,0.0,0.0,629127360.0,15902196.0,45957840.0,259877808.0,0.0,305693344.0,0.0,0.0,758849216.0,525814688.0,0.0,299429600.0,20422970.0,528873632.0,0.0,0.0,634118656.0,90638592.0,0.0,311985184.0,0.0,411952416.0,242299168.0,0.0,695516800.0,0.0,0.0,222282400.0,0.0,417700192.0,58937660.0,0.0,554017600.0,71151336.0,203565680.0,128930976.0,61956712.0,422683232.0,0.0,0.0,453750720.0,79489680.0,0.0,336340160.0,117759752.0,354349152.0,0.0,153507824.0,589278592.0
43,0.0,0.0,248241728.0,15391977.0,227298048.0,69499512.0,0.0,352264352.0,0.0,0.0,299729440.0,87722352.0,179704816.0,0.0,0.0,280258944.0,0.0,54467796.0,37651092.0,15712253.0,5037695.0,88893704.0,25686962.0,125369520.0,0.0,6822268.0,204622336.0,66420544.0,145129328.0,0.0,0.0,91753272.0,0.0,8051818.0,169958560.0,0.0,51447060.0,76353352.0,0.0,78224736.0,0.0,0.0,0.0,9452034.0,59496220.0,22722872.0,914104.5625,102003544.0,0.0,38563592.0,14503128.0,0.0,0.0,0.0,7705590.5,75596560.0,0.0,0.0,0.0,0.0,9249871.0,0.0,1843042.5,60298048.0,0.0,8149746.5,13467370.0,409520.625,11682270.0,8616671.0,9890063.0,17616900.0
2,0.0,105120656.0,247350192.0,19524136.0,116355736.0,0.0,0.0,305074400.0,0.0,0.0,69599568.0,16339278.0,11769195.0,64349776.0,29100844.0,137804752.0,0.0,0.0,0.0,0.0,0.0,0.0,0.0,0.0,0.0,60152848.0,25605392.0,0.0,27486026.0,0.0,0.0,104384232.0,0.0,38696892.0,1507209.0,0.0,10301419.0,0.0,9790274.0,50604784.0,0.0,0.0,0.0,0.0,0.0,0.0,0.0,0.0,0.0,0.0,0.0,0.0,0.0,0.0,0.0,0.0,0.0,0.0,0.0,0.0,0.0,0.0,0.0,0.0,0.0,0.0,0.0,0.0,0.0,0.0,0.0,0.0
54,47877412.0,0.0,313675040.0,0.0,493782208.0,0.0,0.0,492493152.0,0.0,0.0,130393064.0,17182124.0,214204192.0,0.0,0.0,402232288.0,0.0,0.0,77304688.0,0.0,144304592.0,64469640.0,50151712.0,294412128.0,0.0,3468458.5,149513232.0,0.0,466317568.0,0.0,0.0,365215168.0,0.0,0.0,173411088.0,0.0,134316576.0,19664734.0,0.0,267207328.0,0.0,2889311.5,95863720.0,28612472.0,155372736.0,80156664.0,5923563.0,123836272.0,0.0,129647488.0,18362188.0,99111512.0,54898508.0,7809963.0,0.0,145470272.0,0.0,56259580.0,30663446.0,46634000.0,0.0,10286927.0,0.0,79599040.0,0.0,27166920.0,72320424.0,0.0,652715.875,23390854.0,6717595.0,64633632.0
30,0.0,0.0,316482720.0,0.0,291304320.0,0.0,0.0,543945408.0,0.0,0.0,269255520.0,0.0,67962072.0,53823836.0,0.0,521778880.0,0.0,0.0,159931616.0,7601193.0,113681272.0,41377608.0,31991036.0,253562064.0,0.0,432937.0,122951824.0,79623920.0,240360384.0,0.0,0.0,173378096.0,0.0,0.0,122428480.0,3079992.5,136844112.0,89889360.0,0.0,275597184.0,0.0,0.0,94733648.0,0.0,126285248.0,9152612.0,13284825.0,149349856.0,0.0,0.0,76446736.0,19620340.0,209677664.0,0.0,0.0,112693312.0,0.0,35533132.0,117404184.0,6446483.5,51191208.0,0.0,0.0,110270368.0,0.0,0.0,7208231.5,0.0,12397568.0,9768161.0,33617520.0,28684524.0
59,0.0,19919150.0,14809512.0,37312092.0,15616646.0,12435069.0,23566642.0,72241696.0,0.0,15078321.0,1412223.25,1791429.5,0.0,1364558.25,0.0,4224062.0,0.0,0.0,0.0,0.0,0.0,0.0,0.0,0.0,0.0,6707613.0,608886.6875,0.0,10844200.0,0.0,1261950.5,26378596.0,0.0,2348997.0,616675.125,0.0,3676881.75,0.0,2390974.25,1607151.375,0.0,0.0,0.0,0.0,0.0,0.0,0.0,0.0,0.0,0.0,0.0,0.0,0.0,0.0,0.0,0.0,0.0,0.0,0.0,0.0,0.0,0.0,0.0,0.0,0.0,0.0,0.0,0.0,0.0,0.0,0.0,0.0
85,0.0,0.0,181812512.0,150797408.0,126145328.0,72012400.0,0.0,424629120.0,0.0,0.0,129738560.0,0.0,212069472.0,71825552.0,14830450.0,295294912.0,1140610.25,11049449.0,60692432.0,22049702.0,6010404.5,33423746.0,21371702.0,77203984.0,0.0,4342580.0,130639504.0,65114244.0,224495840.0,0.0,0.0,229982416.0,0.0,0.0,109344432.0,0.0,143490560.0,35369636.0,0.0,272686848.0,0.0,8222965.0,13752734.0,0.0,53055800.0,9452672.0,50185428.0,63068604.0,0.0,6442531.0,72505384.0,40849912.0,33856836.0,7863704.5,0.0,54408820.0,0.0,26355664.0,47996648.0,21691304.0,10733743.0,12855364.0,0.0,49750272.0,0.0,12467885.0,3783010.0,0.0,26814216.0,0.0,26315948.0,5514463.0
74,0.0,0.0,83725272.0,0.0,68397200.0,18074548.0,38121660.0,125576184.0,0.0,1321036.5,2723404.75,2906176.5,0.0,5295764.0,0.0,21101834.0,0.0,0.0,0.0,0.0,0.0,0.0,0.0,0.0,0.0,20808686.0,7445092.0,5822005.0,0.0,7062806.0,0.0,56317432.0,0.0,0.0,0.0,0.0,14063329.0,0.0,1390174.75,13203219.0,0.0,0.0,0.0,0.0,0.0,0.0,0.0,0.0,0.0,0.0,0.0,0.0,0.0,0.0,0.0,0.0,0.0,0.0,0.0,0.0,0.0,0.0,0.0,0.0,0.0,0.0,0.0,0.0,0.0,0.0,0.0,0.0
90,0.0,8152666.5,289898688.0,0.0,432571552.0,39781800.0,0.0,675559552.0,0.0,0.0,344637280.0,22808874.0,118631112.0,99164768.0,0.0,458445760.0,0.0,7339926.0,97219512.0,1184005.5,85414400.0,19924046.0,31137508.0,97190800.0,0.0,0.0,284196448.0,73213352.0,250535280.0,7048754.5,0.0,163475760.0,0.0,0.0,92140096.0,14514058.0,119347464.0,0.0,0.0,102478416.0,0.0,9024179.0,1924133.25,0.0,14855202.0,61175712.0,7031000.0,127773176.0,0.0,22658296.0,19347602.0,14050335.0,12175520.0,0.0,23502986.0,64198644.0,0.0,3751948.0,21177586.0,3078463.5,2208819.5,0.0,6882811.0,55314176.0,0.0,6577201.5,1726693.0,0.0,15404762.0,969548.5,12112914.0,28625800.0
18,0.0,98964240.0,297651328.0,0.0,336845664.0,0.0,0.0,513236480.0,0.0,0.0,225387120.0,0.0,197169552.0,16354495.0,5282359.0,203599552.0,0.0,0.0,11601317.0,14118890.0,0.0,83803456.0,53855268.0,51201508.0,0.0,74282472.0,107491840.0,95027056.0,36998236.0,35003824.0,19714202.0,128212488.0,0.0,14390035.0,133628032.0,54888764.0,16892364.0,18956042.0,767009.25,148637008.0,0.0,8437291.0,0.0,40046824.0,12308775.0,4153653.5,615759.25,21664750.0,0.0,14919692.0,7165005.5,0.0,0.0,0.0,0.0,92846744.0,0.0,5869508.5,13196098.0,0.0,17042970.0,0.0,0.0,86984832.0,0.0,14268983.0,0.0,0.0,0.0,0.0,0.0,8874954.0
52,0.0,35214200.0,203970912.0,0.0,280102496.0,79196200.0,0.0,359047136.0,0.0,0.0,57946340.0,18141356.0,55750432.0,46541876.0,11543014.0,45089536.0,0.0,0.0,0.0,0.0,0.0,0.0,0.0,0.0,0.0,66394960.0,31165048.0,6266288.5,5147736.0,1889584.0,0.0,69338688.0,0.0,7587874.5,6907028.0,0.0,21902734.0,4620004.0,11445202.0,50561728.0,0.0,0.0,0.0,0.0,0.0,0.0,0.0,0.0,0.0,0.0,0.0,0.0,0.0,0.0,0.0,0.0,0.0,0.0,0.0,0.0,0.0,0.0,0.0,0.0,0.0,0.0,0.0,0.0,0.0,0.0,0.0,0.0
44,0.0,21676552.0,274600672.0,23437764.0,281384704.0,0.0,0.0,274029024.0,0.0,0.0,118547928.0,27047106.0,60262408.0,21019066.0,0.0,167195376.0,0.0,14229116.0,3517567.5,3857688.0,0.0,35322280.0,9498827.0,33774968.0,0.0,23926876.0,11839225.0,91666136.0,56692584.0,0.0,0.0,81883688.0,0.0,9942745.0,19282668.0,27932754.0,23897490.0,4464300.0,9624352.0,56530988.0,1384901.25,6998092.0,0.0,3456635.75,0.0,0.0,0.0,0.0,0.0,0.0,0.0,0.0,0.0,0.0,6128894.0,29504274.0,0.0,0.0,0.0,0.0,11833387.0,0.0,1001142.625,22559258.0,0.0,0.0,0.0,0.0,0.0,0.0,0.0,2757000.5
17,0.0,8593676.0,2256071.0,0.0,13451670.0,0.0,22954502.0,21803244.0,0.0,0.0,0.0,0.0,0.0,0.0,0.0,0.0,0.0,0.0,0.0,0.0,0.0,0.0,0.0,0.0,0.0,0.0,0.0,0.0,0.0,0.0,0.0,0.0,0.0,0.0,0.0,0.0,0.0,0.0,0.0,0.0,0.0,0.0,0.0,0.0,0.0,0.0,0.0,0.0,0.0,0.0,0.0,0.0,0.0,0.0,0.0,0.0,0.0,0.0,0.0,0.0,0.0,0.0,0.0,0.0,0.0,0.0,0.0,0.0,0.0,0.0,0.0,0.0
36,0.0,194576816.0,430028512.0,66457096.0,401848544.0,0.0,0.0,677066496.0,160779520.0,0.0,133440152.0,0.0,895243840.0,0.0,0.0,533066112.0,0.0,0.0,211233280.0,60134040.0,322099072.0,0.0,0.0,839524032.0,36010120.0,0.0,553780992.0,0.0,707187008.0,0.0,0.0,548364096.0,96141624.0,0.0,236300544.0,252792368.0,482839520.0,28404464.0,0.0,469789472.0,0.0,0.0,246495712.0,0.0,1162832384.0,0.0,0.0,653915136.0,390269088.0,0.0,197580352.0,110292776.0,675305216.0,0.0,0.0,707944704.0,170700320.0,0.0,348761952.0,234184896.0,559666240.0,0.0,0.0,704882048.0,138297072.0,220906096.0,126879480.0,204543776.0,638722880.0,123418592.0,0.0,517235872.0
49,0.0,39647804.0,46625900.0,0.0,16790022.0,0.0,37847024.0,58923656.0,0.0,0.0,0.0,0.0,15293915.0,2441021.5,7377643.0,11369994.0,0.0,0.0,0.0,0.0,0.0,0.0,0.0,0.0,0.0,16814048.0,0.0,0.0,4234772.5,0.0,0.0,35377512.0,0.0,3446243.25,904731.625,0.0,5394400.0,0.0,3507829.0,2357872.5,0.0,0.0,0.0,0.0,0.0,0.0,0.0,0.0,0.0,0.0,0.0,0.0,0.0,0.0,0.0,0.0,0.0,0.0,0.0,0.0,0.0,0.0,0.0,0.0,0.0,0.0,0.0,0.0,0.0,0.0,0.0,0.0
86,4267095.5,0.0,245394032.0,26327778.0,233862816.0,40873368.0,0.0,331531168.0,0.0,0.0,87343576.0,43166844.0,90774768.0,95932040.0,38393828.0,242676880.0,0.0,23774814.0,10822110.0,0.0,46204716.0,0.0,36728916.0,18040510.0,0.0,72880696.0,51807228.0,0.0,52596816.0,0.0,0.0,168841776.0,0.0,18387660.0,54963716.0,0.0,10481495.0,10762591.0,0.0,94838840.0,0.0,3577333.75,0.0,0.0,6956987.0,2103854.25,6473753.5,0.0,0.0,15653928.0,16887818.0,4320053.5,0.0,8025403.0,0.0,52277052.0,0.0,5954521.0,258349.0,0.0,16383458.0,0.0,7368043.0,30269988.0,0.0,0.0,0.0,0.0,0.0,0.0,0.0,652915.0
37,0.0,13192457.0,392613.875,0.0,12798005.0,0.0,1522243.125,27751408.0,0.0,0.0,0.0,0.0,0.0,0.0,0.0,0.0,0.0,0.0,0.0,0.0,0.0,0.0,0.0,0.0,0.0,0.0,0.0,0.0,0.0,0.0,0.0,0.0,0.0,0.0,0.0,0.0,0.0,0.0,0.0,0.0,0.0,0.0,0.0,0.0,0.0,0.0,0.0,0.0,0.0,0.0,0.0,0.0,0.0,0.0,0.0,0.0,0.0,0.0,0.0,0.0,0.0,0.0,0.0,0.0,0.0,0.0,0.0,0.0,0.0,0.0,0.0,0.0
56,88066384.0,0.0,455069664.0,3187284.0,553205824.0,0.0,0.0,956173632.0,506111008.0,0.0,237080464.0,78132224.0,250445232.0,0.0,0.0,509910368.0,313361088.0,0.0,149408736.0,0.0,598831040.0,0.0,0.0,641143936.0,0.0,115945120.0,111868736.0,0.0,394195616.0,0.0,0.0,973839232.0,0.0,0.0,227972176.0,78421352.0,747639552.0,0.0,0.0,783346240.0,0.0,0.0,181171312.0,301913568.0,712019136.0,0.0,0.0,839736256.0,0.0,0.0,49737080.0,50032408.0,269112096.0,0.0,0.0,905697728.0,0.0,0.0,471041568.0,0.0,297032256.0,0.0,0.0,699532160.0,0.0,0.0,211403696.0,2878360.0,488584320.0,0.0,0.0,516549152.0
63,0.0,24394976.0,43441424.0,0.0,31202070.0,0.0,37520416.0,99278376.0,0.0,0.0,16445374.0,19910184.0,0.0,7007186.0,0.0,2887293.5,0.0,0.0,0.0,0.0,0.0,0.0,0.0,0.0,0.0,0.0,0.0,0.0,0.0,0.0,0.0,27059440.0,0.0,7393097.0,0.0,0.0,13017560.0,0.0,0.0,5853675.0,0.0,0.0,0.0,0.0,0.0,0.0,0.0,0.0,0.0,0.0,0.0,0.0,0.0,0.0,0.0,0.0,0.0,0.0,0.0,0.0,0.0,0.0,0.0,0.0,0.0,0.0,0.0,0.0,0.0,0.0,0.0,0.0
35,0.0,13797028.0,152915.8125,0.0,6211772.0,0.0,4923118.5,8483475.0,0.0,0.0,0.0,0.0,0.0,0.0,0.0,0.0,0.0,0.0,0.0,0.0,0.0,0.0,0.0,0.0,0.0,0.0,0.0,0.0,0.0,0.0,0.0,0.0,0.0,0.0,0.0,0.0,0.0,0.0,0.0,0.0,0.0,0.0,0.0,0.0,0.0,0.0,0.0,0.0,0.0,0.0,0.0,0.0,0.0,0.0,0.0,0.0,0.0,0.0,0.0,0.0,0.0,0.0,0.0,0.0,0.0,0.0,0.0,0.0,0.0,0.0,0.0,0.0
97,778582016.0,79688608.0,428019232.0,0.0,595873216.0,0.0,0.0,694674112.0,368016640.0,0.0,131354376.0,76340304.0,234774304.0,0.0,0.0,516290048.0,61098536.0,0.0,748755776.0,0.0,563127360.0,0.0,0.0,780375552.0,90414152.0,89207528.0,242077920.0,622677568.0,640757248.0,0.0,0.0,936669504.0,41858108.0,0.0,168984656.0,0.0,417475776.0,0.0,0.0,766380416.0,202962864.0,0.0,636033536.0,0.0,987812544.0,0.0,0.0,799908736.0,124952768.0,0.0,292066784.0,0.0,643959808.0,0.0,0.0,523108832.0,0.0,0.0,98111864.0,406520160.0,540800512.0,0.0,0.0,631686400.0,165823536.0,0.0,343405376.0,15824298.0,426262272.0,0.0,0.0,702585856.0
75,408263136.0,0.0,621082432.0,0.0,756948544.0,0.0,0.0,656304704.0,0.0,0.0,512644640.0,130357696.0,634669120.0,0.0,0.0,637078400.0,32022368.0,0.0,376322400.0,0.0,599160064.0,0.0,0.0,609808192.0,0.0,0.0,355493024.0,0.0,481200736.0,0.0,0.0,611757760.0,0.0,0.0,453445792.0,64746704.0,278041024.0,32608386.0,0.0,895500544.0,0.0,0.0,324773408.0,0.0,428355104.0,0.0,0.0,657101632.0,0.0,323646144.0,376989088.0,0.0,461401152.0,0.0,0.0,411735392.0,0.0,0.0,418987744.0,195766128.0,0.0,111688704.0,0.0,320427392.0,0.0,0.0,370227552.0,17272956.0,506420992.0,0.0,0.0,545170944.0
57,47486672.0,82175952.0,830521856.0,0.0,616289600.0,112576784.0,0.0,479141184.0,121518792.0,0.0,526801760.0,0.0,378930080.0,0.0,0.0,484081440.0,0.0,0.0,489006144.0,146588864.0,561201664.0,0.0,0.0,1083561088.0,451487104.0,0.0,324408384.0,2179041.0,486846272.0,0.0,0.0,782152256.0,0.0,0.0,298893952.0,0.0,560900160.0,0.0,0.0,786065728.0,0.0,0.0,214900640.0,0.0,633216000.0,0.0,0.0,616879104.0,104310224.0,0.0,647349568.0,220641040.0,144501072.0,0.0,0.0,468747936.0,0.0,0.0,373139744.0,186935616.0,412335136.0,0.0,0.0,719440960.0,19152272.0,0.0,286629408.0,52848968.0,549470336.0,0.0,0.0,477835072.0
88,0.0,71703840.0,144679776.0,91626848.0,92482992.0,83916008.0,20601608.0,264850832.0,0.0,2333331.5,116783984.0,0.0,167449104.0,0.0,24039804.0,200603104.0,0.0,0.0,0.0,2185189.5,18702634.0,48263248.0,0.0,35967776.0,0.0,18411248.0,51596712.0,0.0,207678592.0,0.0,0.0,141352448.0,0.0,8056777.0,39608252.0,20700348.0,20865472.0,0.0,52889852.0,86202568.0,0.0,46127304.0,12183366.0,0.0,27630736.0,0.0,13174524.0,3148265.0,0.0,0.0,38946732.0,3770620.5,11606019.0,0.0,0.0,56052836.0,0.0,15368952.0,0.0,0.0,0.0,0.0,0.0,37269120.0,0.0,3431071.0,0.0,0.0,11834908.0,0.0,7044610.0,5755872.0
10,0.0,0.0,231619824.0,0.0,303729504.0,0.0,0.0,691446720.0,96588800.0,0.0,485875968.0,0.0,545726656.0,0.0,0.0,620257920.0,114477360.0,0.0,151248592.0,0.0,538911424.0,0.0,77107312.0,539390976.0,164239840.0,0.0,714400064.0,46499136.0,496028768.0,0.0,0.0,581599360.0,0.0,0.0,149956128.0,208989920.0,478785856.0,0.0,0.0,529139840.0,0.0,0.0,352604544.0,0.0,708597952.0,0.0,0.0,542758080.0,0.0,0.0,203577104.0,26053772.0,391377440.0,0.0,0.0,1060743936.0,0.0,0.0,500535296.0,9407878.0,434930880.0,0.0,0.0,564060096.0,201542944.0,0.0,369066784.0,0.0,277522144.0,18775872.0,0.0,360758048.0
53,20693434.0,0.0,436666496.0,37745064.0,885470528.0,0.0,0.0,675374976.0,47028652.0,0.0,289801088.0,0.0,541431104.0,0.0,0.0,626533696.0,21847324.0,0.0,265540608.0,0.0,296762688.0,0.0,79212840.0,751060416.0,324429728.0,0.0,307015456.0,200246528.0,777131520.0,0.0,0.0,441683264.0,0.0,0.0,290563200.0,0.0,218699920.0,0.0,0.0,533631104.0,0.0,0.0,382738592.0,0.0,421361632.0,29471760.0,0.0,548077440.0,0.0,0.0,389186016.0,301140480.0,312929568.0,179919808.0,0.0,561814784.0,0.0,21442470.0,288637472.0,130395952.0,307508736.0,65313944.0,0.0,515674144.0,0.0,0.0,204922912.0,0.0,214251200.0,74471776.0,0.0,287885088.0
8,0.0,7999617.0,0.0,0.0,8885946.0,0.0,5560156.0,33825568.0,0.0,0.0,0.0,0.0,0.0,0.0,0.0,0.0,0.0,0.0,0.0,0.0,0.0,0.0,0.0,0.0,0.0,0.0,0.0,0.0,0.0,0.0,0.0,0.0,0.0,0.0,0.0,0.0,0.0,0.0,0.0,0.0,0.0,0.0,0.0,0.0,0.0,0.0,0.0,0.0,0.0,0.0,0.0,0.0,0.0,0.0,0.0,0.0,0.0,0.0,0.0,0.0,0.0,0.0,0.0,0.0,0.0,0.0,0.0,0.0,0.0,0.0,0.0,0.0
39,0.0,7359398.0,10051366.0,0.0,17569806.0,731417.0,4243965.0,32360932.0,0.0,0.0,0.0,0.0,0.0,0.0,0.0,0.0,0.0,0.0,0.0,0.0,0.0,0.0,0.0,0.0,0.0,0.0,0.0,0.0,0.0,0.0,0.0,0.0,0.0,0.0,0.0,0.0,0.0,0.0,0.0,0.0,0.0,0.0,0.0,0.0,0.0,0.0,0.0,0.0,0.0,0.0,0.0,0.0,0.0,0.0,0.0,0.0,0.0,0.0,0.0,0.0,0.0,0.0,0.0,0.0,0.0,0.0,0.0,0.0,0.0,0.0,0.0,0.0
47,85741792.0,0.0,905154816.0,130271008.0,722497920.0,0.0,0.0,583884736.0,360300832.0,0.0,750273792.0,0.0,551222784.0,0.0,0.0,787178560.0,56618440.0,0.0,502556576.0,291964416.0,412787264.0,0.0,0.0,858635648.0,195400448.0,0.0,494479200.0,28493122.0,304885248.0,0.0,0.0,745030464.0,148446192.0,0.0,104252152.0,196955488.0,443089184.0,385671648.0,0.0,676719040.0,62084428.0,0.0,223465776.0,44974072.0,338059936.0,0.0,0.0,991479168.0,55761212.0,0.0,387754784.0,0.0,415230976.0,0.0,0.0,866518400.0,123649640.0,0.0,265474832.0,24828536.0,828625728.0,0.0,0.0,711041280.0,227214464.0,0.0,319921696.0,0.0,644362176.0,0.0,0.0,507844736.0
60,0.0,1586894.5,0.0,0.0,0.0,0.0,0.0,2346950.25,0.0,0.0,0.0,0.0,0.0,0.0,0.0,0.0,0.0,0.0,0.0,0.0,0.0,0.0,0.0,0.0,0.0,0.0,0.0,0.0,0.0,0.0,0.0,0.0,0.0,0.0,0.0,0.0,0.0,0.0,0.0,0.0,0.0,0.0,0.0,0.0,0.0,0.0,0.0,0.0,0.0,0.0,0.0,0.0,0.0,0.0,0.0,0.0,0.0,0.0,0.0,0.0,0.0,0.0,0.0,0.0,0.0,0.0,0.0,0.0,0.0,0.0,0.0,0.0
89,0.0,0.0,342215616.0,60604536.0,343099936.0,62061412.0,0.0,563683648.0,86930128.0,0.0,354598560.0,0.0,316948672.0,33293134.0,0.0,319265600.0,0.0,0.0,390581440.0,76280024.0,38863328.0,27845308.0,62665184.0,227738960.0,0.0,0.0,113222128.0,207102480.0,22878938.0,0.0,0.0,430365312.0,801159.5625,18969102.0,176654704.0,0.0,246580784.0,28058916.0,0.0,271501664.0,0.0,0.0,160963408.0,15392349.0,72204040.0,54209868.0,0.0,231217568.0,0.0,238636768.0,71121496.0,73773224.0,2338620.25,0.0,0.0,272781088.0,0.0,0.0,21574740.0,0.0,81000080.0,0.0,0.0,119399568.0,0.0,21160880.0,12518190.0,4463170.5,18886364.0,0.0,21066088.0,50456568.0
51,0.0,0.0,0.0,0.0,14334708.0,0.0,2631985.0,10229032.0,0.0,0.0,0.0,0.0,0.0,0.0,0.0,0.0,0.0,0.0,0.0,0.0,0.0,0.0,0.0,0.0,0.0,0.0,0.0,0.0,0.0,0.0,0.0,0.0,0.0,0.0,0.0,0.0,0.0,0.0,0.0,0.0,0.0,0.0,0.0,0.0,0.0,0.0,0.0,0.0,0.0,0.0,0.0,0.0,0.0,0.0,0.0,0.0,0.0,0.0,0.0,0.0,0.0,0.0,0.0,0.0,0.0,0.0,0.0,0.0,0.0,0.0,0.0,0.0
14,0.0,14599796.0,84544216.0,66892820.0,21072240.0,7605184.5,4072774.5,124363296.0,15985614.0,13320788.0,1866702.25,3696133.5,0.0,0.0,0.0,11115645.0,0.0,0.0,0.0,0.0,0.0,0.0,0.0,0.0,0.0,8289900.5,4874935.0,0.0,11671105.0,0.0,0.0,41879720.0,0.0,0.0,0.0,0.0,2412922.5,0.0,0.0,11159355.0,0.0,0.0,0.0,0.0,0.0,0.0,0.0,0.0,0.0,0.0,0.0,0.0,0.0,0.0,0.0,0.0,0.0,0.0,0.0,0.0,0.0,0.0,0.0,0.0,0.0,0.0,0.0,0.0,0.0,0.0,0.0,0.0
28,0.0,0.0,328461056.0,0.0,220261328.0,5853206.0,0.0,656596672.0,0.0,0.0,210558448.0,0.0,211034992.0,0.0,0.0,358308832.0,0.0,0.0,181952128.0,0.0,133775400.0,50279060.0,21879804.0,172769888.0,0.0,167207520.0,79081912.0,67653272.0,142085888.0,0.0,0.0,194521904.0,0.0,0.0,120010840.0,21245924.0,149072064.0,0.0,0.0,212435392.0,0.0,19530750.0,71449280.0,0.0,48852820.0,25623184.0,2796349.5,74058768.0,0.0,20108268.0,48974780.0,27899992.0,0.0,0.0,0.0,94860296.0,0.0,10762872.0,28535140.0,0.0,0.0,0.0,0.0,71671704.0,0.0,16158852.0,31869804.0,0.0,24112598.0,0.0,5327806.0,49717888.0
16,0.0,0.0,409718208.0,393114656.0,928075456.0,0.0,0.0,713301824.0,281463104.0,0.0,265681120.0,0.0,985694976.0,0.0,0.0,532010976.0,0.0,0.0,397787616.0,0.0,954961344.0,0.0,0.0,782306880.0,84019144.0,0.0,182369840.0,63786964.0,161046160.0,0.0,0.0,798896960.0,0.0,0.0,214983008.0,273766848.0,503527456.0,0.0,0.0,1134977920.0,394500864.0,0.0,376278048.0,0.0,357626144.0,0.0,0.0,712834240.0,4637824.0,0.0,82047448.0,111247104.0,251180880.0,279029088.0,0.0,893453248.0,297626304.0,0.0,214305600.0,0.0,609503680.0,0.0,0.0,683493824.0,397142368.0,70793216.0,392183072.0,316003072.0,758677120.0,0.0,0.0,924211456.0
34,199622960.0,0.0,904064576.0,153619392.0,328186752.0,173487680.0,5816059.0,773085568.0,14427831.0,0.0,389492768.0,0.0,184878288.0,0.0,6141391.0,564414144.0,0.0,0.0,329836224.0,0.0,378111168.0,0.0,0.0,598454016.0,0.0,0.0,243265056.0,0.0,207840832.0,210327488.0,0.0,571743040.0,0.0,0.0,223451024.0,0.0,256713136.0,84347160.0,0.0,400981760.0,0.0,20871724.0,187539920.0,0.0,265522448.0,52586172.0,0.0,316547360.0,0.0,89166000.0,203956752.0,98604360.0,65823376.0,69076704.0,0.0,272810144.0,0.0,57335940.0,91440312.0,69017280.0,183417360.0,105147176.0,0.0,296867392.0,0.0,0.0,174001792.0,0.0,22542418.0,0.0,0.0,270719424.0
82,0.0,20170488.0,54498092.0,0.0,67793320.0,26393284.0,58469556.0,108585152.0,0.0,7710327.5,1025794.0,0.0,19087390.0,0.0,16514135.0,31940436.0,0.0,0.0,0.0,0.0,0.0,0.0,0.0,0.0,0.0,11684739.0,1087675.5,19743248.0,7308178.0,0.0,0.0,60015612.0,0.0,7999205.5,2223656.25,0.0,4497319.5,0.0,1725546.5,4118985.5,0.0,0.0,0.0,0.0,0.0,0.0,0.0,0.0,0.0,0.0,0.0,0.0,0.0,0.0,0.0,0.0,0.0,0.0,0.0,0.0,0.0,0.0,0.0,0.0,0.0,0.0,0.0,0.0,0.0,0.0,0.0,0.0
46,0.0,58383592.0,171822944.0,0.0,111224672.0,0.0,21853022.0,127229008.0,0.0,3321613.5,0.0,9970868.0,4334659.0,1134699.25,0.0,25706664.0,0.0,0.0,0.0,0.0,0.0,0.0,0.0,0.0,0.0,21623492.0,37355076.0,0.0,11994132.0,0.0,22528936.0,58366316.0,0.0,0.0,0.0,0.0,0.0,0.0,0.0,11170709.0,0.0,0.0,0.0,0.0,0.0,0.0,0.0,0.0,0.0,0.0,0.0,0.0,0.0,0.0,0.0,0.0,0.0,0.0,0.0,0.0,0.0,0.0,0.0,0.0,0.0,0.0,0.0,0.0,0.0,0.0,0.0,0.0
27,322059904.0,0.0,297695744.0,0.0,608526208.0,0.0,0.0,571326912.0,138195152.0,49418496.0,333127360.0,311983808.0,539023360.0,0.0,0.0,978566208.0,612944128.0,0.0,573374272.0,0.0,527316352.0,0.0,0.0,569262144.0,178403856.0,0.0,286438.0,0.0,159782944.0,0.0,0.0,661143744.0,317774944.0,0.0,65620224.0,46218496.0,496534912.0,0.0,0.0,560539520.0,24358180.0,45729332.0,83791984.0,0.0,514412480.0,0.0,0.0,681163200.0,417235808.0,165151568.0,145754400.0,0.0,789582592.0,0.0,0.0,774577792.0,0.0,165646320.0,155999424.0,0.0,720499968.0,0.0,0.0,525604224.0,0.0,0.0,49154712.0,0.0,1063079808.0,0.0,0.0,798437184.0
20,525139680.0,0.0,129679592.0,83306496.0,455196224.0,0.0,0.0,560037824.0,201978448.0,0.0,259622016.0,505627328.0,636739648.0,0.0,0.0,567232768.0,426984832.0,0.0,567496768.0,0.0,398904160.0,0.0,38222712.0,836484800.0,0.0,0.0,326533248.0,0.0,693707200.0,0.0,18032700.0,696266816.0,0.0,0.0,81428888.0,28757556.0,739886016.0,72329008.0,0.0,1191495040.0,98640224.0,0.0,33323176.0,107718304.0,650344448.0,0.0,0.0,754530624.0,0.0,0.0,247076016.0,0.0,680095168.0,78093256.0,0.0,921345152.0,70770528.0,0.0,72271248.0,107340848.0,301410240.0,0.0,0.0,682376512.0,3106370.0,0.0,289373664.0,0.0,563601088.0,0.0,0.0,669140864.0
9,0.0,0.0,71176272.0,320264832.0,524632576.0,0.0,0.0,570311680.0,0.0,361529312.0,14228176.0,0.0,396124256.0,0.0,34763624.0,967951424.0,2485298.0,0.0,276775424.0,0.0,552871744.0,0.0,0.0,684717120.0,310496736.0,0.0,0.0,190238048.0,519287936.0,0.0,0.0,666977600.0,0.0,0.0,421002880.0,0.0,241411904.0,0.0,0.0,772503552.0,0.0,0.0,232144192.0,161451616.0,126193648.0,0.0,0.0,691709248.0,88835776.0,0.0,0.0,0.0,699933952.0,0.0,0.0,809742656.0,0.0,0.0,583270144.0,0.0,346667296.0,0.0,0.0,518812800.0,0.0,0.0,55360220.0,515147008.0,5514714.0,0.0,0.0,538727168.0
92,346041056.0,0.0,453655648.0,0.0,386441248.0,0.0,0.0,748388352.0,114552928.0,105337424.0,444213568.0,62497040.0,914038592.0,0.0,0.0,476558560.0,0.0,0.0,18532866.0,171786784.0,146458128.0,0.0,0.0,493699200.0,0.0,0.0,480036544.0,279886656.0,782806784.0,0.0,29182182.0,604819264.0,30600580.0,0.0,240548640.0,8847759.0,457140736.0,19281478.0,0.0,472879584.0,0.0,124145344.0,236852784.0,328835328.0,337003488.0,0.0,0.0,751814528.0,47580528.0,0.0,330606784.0,0.0,465265024.0,102995744.0,0.0,524153248.0,0.0,0.0,375578848.0,0.0,847954176.0,0.0,0.0,449549952.0,4360015.0,16227556.0,271221056.0,87764728.0,422102560.0,104401736.0,0.0,417325024.0
3,0.0,0.0,439270848.0,0.0,255461888.0,0.0,0.0,590286912.0,0.0,49505028.0,426432736.0,0.0,397237152.0,0.0,0.0,466328960.0,0.0,0.0,290376128.0,28718002.0,0.0,143117904.0,155754752.0,233416272.0,0.0,0.0,433985024.0,173525280.0,456876352.0,0.0,0.0,437729408.0,0.0,2006291.875,323511552.0,0.0,344335744.0,182193088.0,0.0,282763392.0,0.0,29943766.0,154639152.0,82081344.0,170608320.0,83674552.0,18187758.0,336311552.0,0.0,0.0,140638688.0,201067568.0,167253968.0,0.0,0.0,221642160.0,0.0,19914830.0,86646808.0,66596400.0,154753088.0,158294336.0,0.0,143124032.0,0.0,40038208.0,71161920.0,42880856.0,5470911.5,0.0,0.0,63986712.0
98,207557792.0,0.0,206030816.0,0.0,808666240.0,0.0,0.0,878805760.0,129882488.0,0.0,277554720.0,0.0,541231552.0,72201608.0,0.0,568277376.0,0.0,0.0,329323360.0,0.0,683229824.0,0.0,0.0,665199680.0,0.0,0.0,260436576.0,182907392.0,567336384.0,0.0,0.0,588688192.0,39961160.0,0.0,373282624.0,7348491.0,213619520.0,0.0,0.0,620631040.0,12965688.0,0.0,539112512.0,0.0,305024448.0,69480312.0,0.0,804637440.0,66416892.0,233889776.0,394269440.0,175256048.0,527581344.0,0.0,0.0,532767072.0,0.0,0.0,344301056.0,243240288.0,386377344.0,230232560.0,0.0,834883584.0,0.0,0.0,447802848.0,32927300.0,530523552.0,0.0,0.0,840339840.0
29,0.0,37518760.0,139906576.0,49243916.0,122237456.0,0.0,0.0,78458352.0,0.0,32377506.0,0.0,33363052.0,0.0,3736101.75,0.0,0.0,0.0,0.0,0.0,0.0,0.0,0.0,0.0,0.0,0.0,0.0,22404176.0,0.0,0.0,0.0,8462029.0,40209792.0,0.0,2211685.25,0.0,0.0,10126245.0,1772376.5,0.0,14305648.0,0.0,0.0,0.0,0.0,0.0,0.0,0.0,0.0,0.0,0.0,0.0,0.0,0.0,0.0,0.0,0.0,0.0,0.0,0.0,0.0,0.0,0.0,0.0,0.0,0.0,0.0,0.0,0.0,0.0,0.0,0.0,0.0
80,0.0,1316018.5,0.0,0.0,5865896.0,0.0,0.0,0.0,0.0,0.0,0.0,0.0,0.0,0.0,0.0,0.0,0.0,0.0,0.0,0.0,0.0,0.0,0.0,0.0,0.0,0.0,0.0,0.0,0.0,0.0,0.0,0.0,0.0,0.0,0.0,0.0,0.0,0.0,0.0,0.0,0.0,0.0,0.0,0.0,0.0,0.0,0.0,0.0,0.0,0.0,0.0,0.0,0.0,0.0,0.0,0.0,0.0,0.0,0.0,0.0,0.0,0.0,0.0,0.0,0.0,0.0,0.0,0.0,0.0,0.0,0.0,0.0
73,0.0,98654696.0,137357344.0,139439952.0,245004128.0,19224292.0,0.0,322229504.0,0.0,0.0,241272800.0,47444680.0,144001664.0,30667664.0,26111170.0,288115424.0,0.0,29016902.0,22081284.0,0.0,31256136.0,6223648.0,0.0,58533544.0,0.0,27608364.0,107232632.0,47072620.0,72823856.0,0.0,0.0,188278880.0,0.0,8190364.5,78829264.0,34522316.0,17463272.0,0.0,18484084.0,137073664.0,0.0,11471281.0,2401414.5,13665705.0,14316686.0,9478271.0,7968559.0,6004827.5,0.0,24781868.0,0.0,10859754.0,0.0,14929393.0,0.0,48988856.0,0.0,12076725.0,8523274.0,0.0,21103190.0,0.0,14209824.0,20362866.0,0.0,0.0,0.0,0.0,0.0,0.0,0.0,3022845.0
